기간	자치구	사설학원	사설학원	사설학원	사설학원	사설학원	사설학원	사설학원	사설학원	사설학원	사설학원	사설학원	사설학원	사설학원	사설학원	사설학원	사설학원	사설학원	사설학원	독서실	독서실	독서실	독서실
기간	자치구	학원수	학원수	학원수	학원수	학원수	학원수	학원수	학원수	학원수	학원수	학원수	학원수	학원수	학원수	정원	강사수	강사수	강의실수	독서실수	독서실수	독서실수	열람실수
기간	자치구	계	학교교과교습학원	학교교과교습학원	학교교과교습학원	학교교과교습학원	학교교과교습학원	학교교과교습학원	학교교과교습학원	평생직업교육학원	평생직업교육학원	평생직업교육학원	평생직업교육학원	평생직업교육학원	평생직업교육학원	정원	강사수	강사수	강의실수	계	학교교과교습학원	평생직업교육학원	열람실수
기간	자치구	계	소계	입시검정 및 보습	국제화	예능	특수교육	종합	기타	소계	직업기술	국제화	인문사회	기예	종합	정원	계	여자	강의실수	계	학교교과교습학원	평생직업교육학원	열람실수
2016	합계	13,974	11,786	7,710	862	2,467	1	261	485	2,188	1,004	236	263	551	134	2,448,712	79,466	44,864	117,210	1,080	876	204	7,532
2016	종로구	278	100	73	6	12	-	2	7	178	67	37	19	36	19	44,441	3,427	1,970	1,644	15	10	5	50
2016	중구	127	65	47	5	9	-	2	2	62	38	9	3	10	2	16,191	1,243	626	594	2	2	-	16
2016	용산구	165	131	69	27	31	-	3	1	34	22	2	2	5	3	15,933	820	591	978	6	5	1	47
2016	성동구	279	245	149	15	61	-	11	9	34	18	-	2	12	2	45,318	1,384	950	1,652	17	17	-	103
2016	광진구	429	375	244	30	77	-	7	17	54	21	5	2	23	3	53,674	1,924	1,232	2,637	31	29	2	184
2016	동대문구	355	301	193	18	79	-	4	7	54	29	3	4	13	5	51,011	1,710	1,095	1,462	24	23	1	249
2016	중랑구	306	287	200	11	60	-	8	8	19	13	-	-	6	-	29,256	1,220	855	1,354	18	18	-	216
2016	성북구	453	421	279	23	106	-	4	9	32	15	-	1	14	2	81,624	2,010	1,260	1,922	30	30	-	271
2016	강북구	233	209	154	3	46	-	4	2	24	10	-	2	11	1	39,961	815	559	909	17	17	-	171
2016	도봉구	374	362	254	19	69	-	12	8	12	8	-	-	2	2	34,568	1,345	915	2,074	34	34	-	36
2016	노원구	794	749	519	45	150	-	15	20	45	23	2	9	6	5	91,351	4,315	2,307	4,864	72	72	-	76
2016	은평구	469	433	314	22	85	-	4	8	36	20	-	2	12	2	61,254	1,756	1,154	2,900	45	37	8	437
2016	서대문구	351	285	208	18	46	-	5	8	66	28	11	13	8	6	89,606	2,229	1,347	2,067	29	22	7	125
2016	마포구	603	442	223	35	163	-	4	17	161	62	18	7	66	8	470,227	3,455	2,157	3,415	22	18	4	148
2016	양천구	1,039	1,005	735	64	143	-	31	32	34	18	2	1	12	1	111,353	5,072	2,839	6,691	77	77	-	775
2016	강서구	708	670	434	37	168	-	10	21	38	26	1	1	5	5	88,937	2,394	1,672	4,078	48	48	-	474
2016	구로구	411	355	227	20	85	-	11	12	56	36	5	2	7	6	154,200	1,755	1,189	14,139	32	29	3	267
2016	금천구	210	172	117	7	43	-	2	3	38	28	2	1	6	1	48,941	874	534	8,882	11	10	1	102
2016	영등포구	471	316	201	28	72	1	5	9	155	94	10	13	25	13	88,989	2,320	1,482	19,528	24	19	5	230
2016	동작구	466	363	218	25	90	-	8	22	103	17	1	63	13	9	67,246	4,427	1,886	2,304	90	16	74	649
2016	관악구	456	369	227	17	104	-	10	11	87	33	2	28	23	1	40,124	2,141	1,234	2,355	103	33	70	588
2016	서초구	1,087	825	534	79	137	-	26	49	262	119	33	35	58	17	265,827	8,008	4,386	7,628	63	57	6	408
2016	강남구	2,078	1,589	977	206	239	-	53	114	489	201	87	44	137	20	339,903	17,293	7,937	12,623	116	102	14	689
2016	송파구	1,109	1,034	676	72	229	-	9	48	75	39	3	7	25	1	77,244	4,908	3,094	6,592	92	91	1	670
2016	강동구	723	683	438	30	163	-	11	41	40	19	3	2	16	-	41,533	2,621	1,593	3,918	62	60	2	551
2017	합계	14,189	11,954	7,853	836	2,460	2	277	526	2,235	1,012	239	253	582	149	2,629,599	87,020	48,199	70,855	1,133	938	195	8,954
2017	종로구	297	109	77	7	14	1	1	9	188	75	37	21	36	19	128,540	3,342	1,894	1,110	15	8	7	49
2017	중구	128	64	46	6	7	-	2	3	64	37	8	3	13	3	30,252	1,285	641	494	4	4	-	24
2017	용산구	175	143	76	30	30	-	3	4	32	20	3	2	4	3	31,585	892	665	723	5	4	1	78
2017	성동구	295	255	149	15	67	-	11	13	40	21	-	2	16	1	46,871	1,350	909	1,042	19	19	-	122
2017	광진구	442	383	251	27	81	-	6	18	59	25	6	3	22	3	68,802	1,918	1,202	1,775	34	32	2	231
2017	동대문구	360	304	201	17	77	-	3	6	56	28	3	5	15	5	46,559	1,779	1,129	1,475	25	24	1	221
2017	중랑구	288	266	187	10	52	-	9	8	22	14	-	-	8	-	28,206	1,248	839	1,304	18	18	-	222
2017	성북구	457	424	275	22	114	-	5	8	33	15	-	-	17	1	93,371	2,151	1,373	1,889	34	34	-	293
2017	강북구	227	203	153	3	40	-	4	3	24	10	-	1	12	1	44,144	867	604	900	15	15	-	159
2017	도봉구	360	345	244	16	67	-	11	7	15	12	-	-	1	2	36,591	1,299	892	1,565	32	32	-	433
2017	노원구	775	728	503	41	145	-	16	23	47	23	2	9	6	7	109,352	4,400	2,369	3,745	73	73	-	668
2017	은평구	521	480	355	21	90	-	5	9	41	25	-	2	13	1	59,263	1,986	1,260	2,801	43	33	10	593
2017	서대문구	342	289	209	16	47	-	5	12	53	14	11	13	9	6	94,493	2,288	1,357	1,635	36	32	4	175
2017	마포구	616	444	226	32	162	-	6	18	172	62	18	9	74	9	408,673	3,751	2,330	1,879	24	19	5	176
2017	양천구	1,052	1,018	742	66	145	-	32	33	34	18	2	1	12	1	136,375	6,055	3,363	6,798	86	86	-	678
2017	강서구	713	673	435	38	167	-	11	22	40	26	2	1	6	5	85,042	2,729	1,883	4,589	54	54	-	503
2017	구로구	431	367	236	18	90	-	10	13	64	43	5	2	7	7	55,049	1,887	1,270	1,596	30	27	3	260
2017	금천구	215	180	120	8	45	-	2	5	35	24	4	1	4	2	33,164	976	606	788	11	10	1	104
2017	영등포구	470	315	197	29	72	1	6	10	155	95	9	11	25	15	139,262	2,410	1,512	1,630	26	21	5	233
2017	동작구	472	365	221	27	88	-	6	23	107	17	-	66	15	9	90,865	4,695	1,747	1,912	94	22	72	442
2017	관악구	455	366	226	17	105	-	8	10	89	36	2	23	26	2	44,892	2,177	1,221	1,648	94	27	67	521
2017	서초구	1,090	835	535	79	141	-	27	53	255	112	34	31	60	18	225,440	8,902	5,032	6,273	67	63	4	408
2017	강남구	2,246	1,744	1,111	202	239	-	63	129	502	207	87	40	143	25	454,331	21,055	9,337	12,745	125	114	11	769
2017	송파구	1,093	1,023	665	66	232	-	14	46	70	37	4	5	21	3	90,488	5,013	3,181	6,658	103	103	-	818
2017	강동구	669	631	413	23	143	-	11	41	38	16	2	2	17	1	47,989	2,565	1,583	3,881	66	64	2	774
2018	합계	14,080	11,835	7,791	779	2,412	2	303	548	2,245	1,006	227	253	598	161	4,412,948	87,410	48,204	66,803	1,183	966	217	9,206
2018	종로구	274	100	73	5	13	1	1	7	174	64	32	24	33	21	441,524	3,266	1,806	1,043	15	8	7	53
2018	중구	119	57	38	7	8	-	1	3	62	35	9	2	12	4	43,361	1,143	499	496	5	4	1	30
2018	용산구	158	128	65	28	27	-	3	5	30	17	3	2	4	4	28,646	812	615	652	9	7	2	100
2018	성동구	314	268	159	16	69	-	11	13	46	26	-	3	14	3	54,247	1,427	953	1,112	22	22	-	138
2018	광진구	430	367	244	25	76	-	5	17	63	26	6	3	25	3	72,044	1,962	1,251	1,695	42	39	3	265
2018	동대문구	363	309	198	17	84	-	5	5	54	28	3	3	15	5	57,442	1,852	1,187	2,389	25	25	-	183
2018	중랑구	273	253	171	8	54	-	12	8	20	11	-	-	8	1	35,977	1,213	789	1,795	20	20	-	238
2018	성북구	464	425	277	21	112	-	5	10	39	19	-	-	17	3	103,117	2,337	1,467	1,890	38	37	1	295
2018	강북구	218	198	150	3	36	-	4	5	20	8	-	1	10	1	45,307	897	618	888	17	16	1	229
2018	도봉구	335	318	224	17	60	-	11	6	17	13	-	1	1	2	107,370	1,246	862	1,454	33	33	-	510
2018	노원구	747	700	489	40	136	-	15	20	47	22	2	11	7	5	146,578	4,410	2,365	3,623	81	79	2	725
2018	은평구	521	480	355	21	90	-	5	9	41	25	-	2	13	1	59,263	1,986	1,260	2,801	43	33	10	593
2018	서대문구	345	287	205	13	47	-	6	16	58	22	8	12	8	8	101,771	2,291	1,340	1,573	40	28	12	224
2018	마포구	644	461	237	31	163	-	5	25	183	63	21	10	81	8	460,233	3,845	2,395	1,969	26	20	6	190
2018	양천구	1,062	1,027	745	63	145	-	33	41	35	17	2	1	13	2	166,496	6,364	3,569	6,818	92	92	-	763
2018	강서구	707	666	433	33	165	-	13	22	41	24	2	2	9	4	88,597	2,774	1,923	4,543	56	56	-	484
2018	구로구	427	366	235	15	94	-	9	13	61	39	5	2	8	7	63,580	1,862	1,275	1,517	31	29	2	268
2018	금천구	222	183	121	8	47	-	2	5	39	26	4	3	3	3	56,405	1,060	635	791	12	10	2	74
2018	영등포구	467	310	195	24	72	1	7	11	157	94	7	12	28	16	165,871	2,501	1,545	1,573	29	22	7	230
2018	동작구	458	349	221	19	81	-	8	20	109	20	-	67	12	10	81,914	5,056	1,838	1,845	95	23	72	450
2018	관악구	450	366	226	15	108	-	7	10	84	33	2	22	24	3	43,730	2,287	1,259	1,606	95	29	66	523
2018	서초구	1,130	868	552	81	136	-	31	68	262	117	33	30	65	17	840,002	8,997	5,045	4,704	72	64	8	417
2018	강남구	2,263	1,768	1,138	196	228	-	79	127	495	205	81	34	150	25	746,581	20,359	8,974	9,931	126	112	14	687
2018	송파구	1,051	981	640	50	229	-	14	48	70	36	5	4	21	4	343,023	4,977	3,214	6,412	103	103	-	834
2018	강동구	638	600	400	23	132	-	11	34	38	16	2	2	17	1	59,869	2,486	1,520	3,683	56	55	1	703